788880174884478977
847841411152179202
127715541
826245844915601408
841832650671304704
3957043515
17197378
799930255
702503758228496384
841026986944397316
18980795
2989559421
183101136
1101997326
2755865433
407815019
4839295300
705462577413955584
61305465
3220051315
401636990
30678787
2513755830
144334009
165568433
156464749
2149913575
741205276905377797
500457500
280051709
122786277
6817432
2504470628
2669672301
3243778670
554309414
489157346
174077854
824706156522311680
61305465
2717904714
160684301
812079846
26160792
813158376477696000
32946026
158901429
61305465
377838730
823780816245256192
106823960
243928742
379293042
2880531353
72232388
18479878
19524268
516665208
2418269328
819263255059140609
801286277819731973
41246674
4484785821
72978702
21919642
720268007822393345
2755019846
163348944
314156973
467939427
386724703
157743287
1644337314
742895155443699712
844598444970913792
1669387160
2492795644
341191499
3300878316
2412790308
841709025704189952
244359006
765061116263211012
164897873
98172698
3259742430
779104284
24329569
1505131346
1614076513
1786566690
2649389539
329836877
32946026
31628962
801286277819731973
2824893024
1101997326
824113039
747285711246680068
1345481688
823905191380455425
2208081122
2629489590
3819596602
2921975371
3356662759
720314633949564929
38189586
191177209
781119566571184128
1525052948
2322486956
79539922
2348965178
21131128
55371852
757135770813464576
594126256
73438849
2195178132
733215836
2152060417
712028302257614848
1024695266
1091251164
752998554
2901688072
318341693
1454200969
724466179
350496435
3356662759
319496742
780571007484436480
64631490
99943864
259473153
4340792180
1561452289
3098282104
770434457220288512
2823296285
39555794
65391684
146715724
1214225498
1378205101
347498345
391356843
193240034
